4 3 2 10 4
8 1 2 3 4 5 6 7 8
8 2 2 1 5 3 8 7 3
6 7 9 11 12 10 8
3 2 10 2
1 1
2 1 2
5 1 3 5 5 1
3 2 4 2
1 1
2 1 2
5 1 3 5 5 1
3 20 4 20
4 3 1112 10 114
8 18 21 45 41 15 61 17 18
8 21 21 11 15 13 18 71 3
1000 399 326 811 452 683 315 631 211 54 305 965 938 1000 619 835 955 298 50 848 839 364 22 379 263 180 563 230 55 120 653 102 519 978 265 322 12 579 952 223 984 257 539 921 256 158 107 562 807 156 409 997 871 783 375 486 962 289 715 368 409 719 470 279 48 86 600 411 664 904 985 999 512 524 919 119 33 25 680 839 533 441 188 755 223 562 240 536 203 306 903 963 376 724 241 423 809 192 834 824 447 818 822 958 693 740 76 725 117 108 916 1 548 103 755 770 16 347 305 218 652 559 532 380 283 124 802 91 316 987 915 114 157 736 72 849 828 499 574 296 606 841 648 153 943 402 274 310 100 578 880 104 489 411 483 771 535 284 213 202 623 127 315 779 215 738 627 394 237 552 41 842 392 688 347 686 441 620 996 541 550 875 644 38 637 126 808 171 761 20 724 383 499 391 513 65 128 140 458 716 43 498 558 435 185 904 120 977 875 115 517 424 341 512 461 978 989 620 500 750 992 576 484 842 966 349 906 445 488 363 161 530 212 718 316 748 973 436 724 847 902 593 623 595 104 435 924 93 55 775 194 398 350 29 239 667 377 144 112 216 858 272 98 421 341 413 168 313 200 243 511 454 835 485 400 291 920 323 383 326 97 928 723 799 308 961 465 37 456 576 252 313 199 701 85 539 466 252 203 665 494 714 470 681 550 869 971 469 191 705 794 640 984 868 438 291 180 254 679 635 182 931 299 380 983 383 919 448 986 121 465 832 186 934 512 736 803 834 556 345 890 350 336 873 569 125 515 749 379 546 383 560 828 682 291 810 416 209 258 402 330 722 233 867 655 96 602 809 281 510 506 170 859 841 394 779 966 260 527 696 805 910 607 632 943 897 442 710 106 699 111 787 772 695 5 426 790 959 587 422 468 92 591 678 284 984 456 249 244 983 296 48 892 902 32 186 799 473 895 256 523 358 394 294 52 398 71 194 356 657 615 175 100 206 852 384 541 308 984 136 290 280 536 533 533 567 718 683 39 964 938 561 321 683 854 373 433 276 918 140 933 532 315 384 89 166 119 630 473 103 765 114 734 300 998 618 866 715 301 256 31 590 816 351 273 21 75 57 297 992 196 581 524 510 316 964 28 435 593 852 889 710 966 622 361 963 591 579 30 891 834 412 481 2 762 105 22 837 161 670 828 356 602 703 218 918 667 245 704 611 96 592 320 413 565 33 376 155 611 757 46 444 168 878 797 281 982 171 117 494 840 297 201 794 351 418 711 17 662 414 628 110 5 299 522 921 331 249 75 293 357 472 89 876 349 885 157 682 55 625 175 247 921 376 40 624 145 750 640 159 515 619 268 871 270 141 791 952 742 865 245 98 689 685 974 37 569 482 71 976 106 245 222 379 972 261 2 117 362 993 627 876 964 246 98 233 386 888 536 127 104 132 577 792 816 550 181 737 383 251 712 488 847 285 866 819 545 219 287 258 212 265 485 175 510 582 759 895 469 646 374 924 778 950 716 945 851 248 681 233 498 744 72 344 28 938 514 924 508 152 181 719 416 17 245 925 598 355 172 418 1 545 342 130 846 409 74 48 656 107 280 153 850 351 848 878 640 714 153 148 865 686 218 633 702 815 557 300 169 728 717 521 624 410 650 821 818 724 868 473 182 499 977 31 850 177 260 841 890 413 340 106 450 558 738 151 372 647 802 892 726 519 413 350 280 414 170 98 489 390 922 670 888 899 701 737 75 312 930 316 76 269 421 525 178 511 28 901 157 829 793 882 699 557 231 979 970 753 76 459 142 997 128 381 247 180 470 673 844 399 988 919 19 761 796 197 271 823 97 427 651 241 308 350 149 891 328 119 995 755 929 488 103 408 868 350 940 337 22 783 735 362 53 106 122 848 302 392 22 750 170 25 343 477 374 491 719 53 961 713 159 889 552 261 649 420 610 588 108 984 370 195 345 774 300 466 974 601 209 995 702 378 19 44 206 744 887 925 148 847 989 306 736 541 567 384 960 528 323 67 511 44 261 855 817 560 672 790 512 880 137 566 609 507 609 815 251 495 739 398 694 727 56 781 267 622 164 578 149 838 997 12 881 609 218 697 521 890 839 32 121 975 949 82 833 558 896 83 404 986 833 449 712 888 229 331 861 744 260 361 581 256 372 461 217 590 510 737 831 348 120 303 674 69 384 506 978 631 941 733 616 125 182 680 364 410 10 224 154 621 584 734 877 308 547 93 249 56 181 79 755 300 733 780 368 469 637 697 99 577 430
0